0, 0, 0, 0, 0, 0, 0, 0, 0, 0, 1, 1, -0, -0, -0, -0, -0, -0, -0, -0 
-0, -0, -0, -0, -0, -0, -0, -0, -0, 0.01, 1.01117, 1.01005, -0, -0, -0, -0, -0, -0, -0, -0 
-0, -0, -0, -0, -0, -0, -0, -0, -0, 0.02, 1.02247, 1.0202, -0, -0, -0, -0, -0, -0, -0, -0 
-0, -0, -0, -0, -0, -0, -0, -0, -0, 0.03, 1.0339, 1.03045, -0, -0, -0, -0, -0, -0, -0, -0 
-0, -0, -0, -0, -0, -0, -0, -0, -0, 0.04, 1.04545, 1.04081, -0, -0, -0, -0, -0, -0, -0, -0 
-0, -0, -0, -0, -0, -0, -0, -0, -0, 0.05, 1.05713, 1.05127, -0, -0, -0, -0, -0, -0, -0, -0 
-0, -0, -0, -0, -0, -0, -0, -0, -0, 0.06, 1.06894, 1.06184, -0, -0, -0, -0, -0, -0, -0, -0 
-0, -0, -0, -0, -0, -0, -0, -0, -0, 0.07, 1.08088, 1.07251, -0, -0, -0, -0, -0, -0, -0, -0 
-0, -0, -0, -0, -0, -0, -0, -0, -0, 0.08, 1.09296, 1.08329, -0, -0, -0, -0, -0, -0, -0, -0 
-0, -0, -0, -0, -0, -0, -0, -0, -0, 0.09, 1.10517, 1.09417, -0, -0, -0, -0, -0, -0, -0, -0 
-0, -0, -0, -0, -0, -0, -0, -0, -0, 0.1, 1.11752, 1.10517, -0, -0, -0, -0, -0, -0, -0, -0 
-0, -0, -0, -0, -0, -0, -0, -0, -0, 0.11, 1.13001, 1.11628, -0, -0, -0, -0, -0, -0, -0, -0 
-0, -0, -0, -0, -0, -0, -0, -0, -0, 0.12, 1.14263, 1.1275, -0, -0, -0, -0, -0, -0, -0, -0 
-0, -0, -0, -0, -0, -0, -0, -0, -0, 0.13, 1.1554, 1.13883, -0, -0, -0, -0, -0, -0, -0, -0 
-0, -0, -0, -0, -0, -0, -0, -0, -0, 0.14, 1.16831, 1.15027, -0, -0, -0, -0, -0, -0, -0, -0 
-0, -0, -0, -0, -0, -0, -0, -0, -0, 0.15, 1.18136, 1.16183, -0, -0, -0, -0, -0, -0, -0, -0 
-0, -0, -0, -0, -0, -0, -0, -0, -0, 0.16, 1.19456, 1.17351, -0, -0, -0, -0, -0, -0, -0, -0 
-0, -0, -0, -0, -0, -0, -0, -0, -0, 0.17, 1.20791, 1.1853, -0, -0, -0, -0, -0, -0, -0, -0 
-0, -0, -0, -0, -0, -0, -0, -0, -0, 0.18, 1.2214, 1.19722, -0, -0, -0, -0, -0, -0, -0, -0 
-0, -0, -0, -0, -0, -0, -0, -0, -0, 0.19, 1.23505, 1.20925, -0, -0, -0, -0, -0, -0, -0, -0 
-0, -0, -0, -0, -0, -0, -0, -0, -0, 0.2, 1.24885, 1.2214, -0, -0, -0, -0, -0, -0, -0, -0 
-0, -0, -0, -0, -0, -0, -0, -0, -0, 0.21, 1.2628, 1.23368, -0, -0, -0, -0, -0, -0, -0, -0 
-0, -0, -0, -0, -0, -0, -0, -0, -0, 0.22, 1.27691, 1.24608, -0, -0, -0, -0, -0, -0, -0, -0 
-0, -0, -0, -0, -0, -0, -0, -0, -0, 0.23, 1.29118, 1.2586, -0, -0, -0, -0, -0, -0, -0, -0 
-0, -0, -0, -0, -0, -0, -0, -0, -0, 0.24, 1.30561, 1.27125, -0, -0, -0, -0, -0, -0, -0, -0 
-0, -0, -0, -0, -0, -0, -0, -0, -0, 0.25, 1.32019, 1.28403, -0, -0, -0, -0, -0, -0, -0, -0 
-0, -0, -0, -0, -0, -0, -0, -0, -0, 0.26, 1.33494, 1.29693, -0, -0, -0, -0, -0, -0, -0, -0 
-0, -0, -0, -0, -0, -0, -0, -0, -0, 0.27, 1.34986, 1.30996, -0, -0, -0, -0, -0, -0, -0, -0 
-0, -0, -0, -0, -0, -0, -0, -0, -0, 0.28, 1.36494, 1.32313, -0, -0, -0, -0, -0, -0, -0, -0 
-0, -0, -0, -0, -0, -0, -0, -0, -0, 0.29, 1.38019, 1.33643, -0, -0, -0, -0, -0, -0, -0, -0 
-0, -0, -0, -0, -0, -0, -0, -0, -0, 0.3, 1.39561, 1.34986, -0, -0, -0, -0, -0, -0, -0, -0 
-0, -0, -0, -0, -0, -0, -0, -0, -0, 0.31, 1.41121, 1.36343, -0, -0, -0, -0, -0, -0, -0, -0 
-0, -0, -0, -0, -0, -0, -0, -0, -0, 0.32, 1.42697, 1.37713, -0, -0, -0, -0, -0, -0, -0, -0 
-0, -0, -0, -0, -0, -0, -0, -0, -0, 0.33, 1.44292, 1.39097, -0, -0, -0, -0, -0, -0, -0, -0 
-0, -0, -0, -0, -0, -0, -0, -0, -0, 0.34, 1.45904, 1.40495, -0, -0, -0, -0, -0, -0, -0, -0 
-0, -0, -0, -0, -0, -0, -0, -0, -0, 0.35, 1.47534, 1.41907, -0, -0, -0, -0, -0, -0, -0, -0 
-0, -0, -0, -0, -0, -0, -0, -0, -0, 0.36, 1.49182, 1.43333, -0, -0, -0, -0, -0, -0, -0, -0 
-0, -0, -0, -0, -0, -0, -0, -0, -0, 0.37, 1.50849, 1.44773, -0, -0, -0, -0, -0, -0, -0, -0 
-0, -0, -0, -0, -0, -0, -0, -0, -0, 0.38, 1.52535, 1.46228, -0, -0, -0, -0, -0, -0, -0, -0 
-0, -0, -0, -0, -0, -0, -0, -0, -0, 0.39, 1.54239, 1.47698, -0, -0, -0, -0, -0, -0, -0, -0 
-0, -0, -0, -0, -0, -0, -0, -0, -0, 0.4, 1.55962, 1.49182, -0, -0, -0, -0, -0, -0, -0, -0 
-0, -0, -0, -0, -0, -0, -0, -0, -0, 0.41, 1.57705, 1.50682, -0, -0, -0, -0, -0, -0, -0, -0 
-0, -0, -0, -0, -0, -0, -0, -0, -0, 0.42, 1.59467, 1.52196, -0, -0, -0, -0, -0, -0, -0, -0 
-0, -0, -0, -0, -0, -0, -0, -0, -0, 0.43, 1.61249, 1.53726, -0, -0, -0, -0, -0, -0, -0, -0 
-0, -0, -0, -0, -0, -0, -0, -0, -0, 0.44, 1.6305, 1.55271, -0, -0, -0, -0, -0, -0, -0, -0 
-0, -0, -0, -0, -0, -0, -0, -0, -0, 0.45, 1.64872, 1.56831, -0, -0, -0, -0, -0, -0, -0, -0 
-0, -0, -0, -0, -0, -0, -0, -0, -0, 0.46, 1.66714, 1.58407, -0, -0, -0, -0, -0, -0, -0, -0 
-0, -0, -0, -0, -0, -0, -0, -0, -0, 0.47, 1.68577, 1.59999, -0, -0, -0, -0, -0, -0, -0, -0 
-0, -0, -0, -0, -0, -0, -0, -0, -0, 0.48, 1.7046, 1.61607, -0, -0, -0, -0, -0, -0, -0, -0 
-0, -0, -0, -0, -0, -0, -0, -0, -0, 0.49, 1.72365, 1.63232, -0, -0, -0, -0, -0, -0, -0, -0 
-0, -0, -0, -0, -0, -0, -0, -0, -0, 0.5, 1.74291, 1.64872, -0, -0, -0, -0, -0, -0, -0, -0 
-0, -0, -0, -0, -0, -0, -0, -0, -0, 0.51, 1.76238, 1.66529, -0, -0, -0, -0, -0, -0, -0, -0 
-0, -0, -0, -0, -0, -0, -0, -0, -0, 0.52, 1.78207, 1.68203, -0, -0, -0, -0, -0, -0, -0, -0 
-0, -0, -0, -0, -0, -0, -0, -0, -0, 0.53, 1.80199, 1.69893, -0, -0, -0, -0, -0, -0, -0, -0 
-0, -0, -0, -0, -0, -0, -0, -0, -0, 0.54, 1.82212, 1.71601, -0, -0, -0, -0, -0, -0, -0, -0 
-0, -0, -0, -0, -0, -0, -0, -0, -0, 0.55, 1.84248, 1.73325, -0, -0, -0, -0, -0, -0, -0, -0 
-0, -0, -0, -0, -0, -0, -0, -0, -0, 0.56, 1.86306, 1.75067, -0, -0, -0, -0, -0, -0, -0, -0 
-0, -0, -0, -0, -0, -0, -0, -0, -0, 0.57, 1.88388, 1.76827, -0, -0, -0, -0, -0, -0, -0, -0 
-0, -0, -0, -0, -0, -0, -0, -0, -0, 0.58, 1.90493, 1.78604, -0, -0, -0, -0, -0, -0, -0, -0 
-0, -0, -0, -0, -0, -0, -0, -0, -0, 0.59, 1.92621, 1.80399, -0, -0, -0, -0, -0, -0, -0, -0 
-0, -0, -0, -0, -0, -0, -0, -0, -0, 0.6, 1.94773, 1.82212, -0, -0, -0, -0, -0, -0, -0, -0 
-0, -0, -0, -0, -0, -0, -0, -0, -0, 0.61, 1.9695, 1.84043, -0, -0, -0, -0, -0, -0, -0, -0 
-0, -0, -0, -0, -0, -0, -0, -0, -0, 0.62, 1.9915, 1.85893, -0, -0, -0, -0, -0, -0, -0, -0 
-0, -0, -0, -0, -0, -0, -0, -0, -0, 0.63, 2.01375, 1.87761, -0, -0, -0, -0, -0, -0, -0, -0 
-0, -0, -0, -0, -0, -0, -0, -0, -0, 0.64, 2.03625, 1.89648, -0, -0, -0, -0, -0, -0, -0, -0 
-0, -0, -0, -0, -0, -0, -0, -0, -0, 0.65, 2.059, 1.91554, -0, -0, -0, -0, -0, -0, -0, -0 
-0, -0, -0, -0, -0, -0, -0, -0, -0, 0.66, 2.08201, 1.93479, -0, -0, -0, -0, -0, -0, -0, -0 
-0, -0, -0, -0, -0, -0, -0, -0, -0, 0.67, 2.10527, 1.95424, -0, -0, -0, -0, -0, -0, -0, -0 
-0, -0, -0, -0, -0, -0, -0, -0, -0, 0.68, 2.12879, 1.97388, -0, -0, -0, -0, -0, -0, -0, -0 
-0, -0, -0, -0, -0, -0, -0, -0, -0, 0.69, 2.15258, 1.99372, -0, -0, -0, -0, -0, -0, -0, -0 
-0, -0, -0, -0, -0, -0, -0, -0, -0, 0.7, 2.17663, 2.01375, -0, -0, -0, -0, -0, -0, -0, -0 
-0, -0, -0, -0, -0, -0, -0, -0, -0, 0.71, 2.20095, 2.03399, -0, -0, -0, -0, -0, -0, -0, -0 
-0, -0, -0, -0, -0, -0, -0, -0, -0, 0.72, 2.22554, 2.05443, -0, -0, -0, -0, -0, -0, -0, -0 
-0, -0, -0, -0, -0, -0, -0, -0, -0, 0.73, 2.25041, 2.07508, -0, -0, -0, -0, -0, -0, -0, -0 
-0, -0, -0, -0, -0, -0, -0, -0, -0, 0.74, 2.27555, 2.09594, -0, -0, -0, -0, -0, -0, -0, -0 
-0, -0, -0, -0, -0, -0, -0, -0, -0, 0.75, 2.30098, 2.117, -0, -0, -0, -0, -0, -0, -0, -0 
-0, -0, -0, -0, -0, -0, -0, -0, -0, 0.76, 2.32668, 2.13828, -0, -0, -0, -0, -0, -0, -0, -0 
-0, -0, -0, -0, -0, -0, -0, -0, -0, 0.77, 2.35268, 2.15977, -0, -0, -0, -0, -0, -0, -0, -0 
-0, -0, -0, -0, -0, -0, -0, -0, -0, 0.78, 2.37897, 2.18147, -0, -0, -0, -0, -0, -0, -0, -0 
-0, -0, -0, -0, -0, -0, -0, -0, -0, 0.79, 2.40555, 2.2034, -0, -0, -0, -0, -0, -0, -0, -0 
-0, -0, -0, -0, -0, -0, -0, -0, -0, 0.8, 2.43243, 2.22554, -0, -0, -0, -0, -0, -0, -0, -0 
-0, -0, -0, -0, -0, -0, -0, -0, -0, 0.81, 2.4596, 2.24791, -0, -0, -0, -0, -0, -0, -0, -0 
-0, -0, -0, -0, -0, -0, -0, -0, -0, 0.82, 2.48708, 2.2705, -0, -0, -0, -0, -0, -0, -0, -0 
-0, -0, -0, -0, -0, -0, -0, -0, -0, 0.83, 2.51487, 2.29332, -0, -0, -0, -0, -0, -0, -0, -0 
-0, -0, -0, -0, -0, -0, -0, -0, -0, 0.84, 2.54297, 2.31637, -0, -0, -0, -0, -0, -0, -0, -0 
-0, -0, -0, -0, -0, -0, -0, -0, -0, 0.85, 2.57138, 2.33965, -0, -0, -0, -0, -0, -0, -0, -0 
-0, -0, -0, -0, -0, -0, -0, -0, -0, 0.86, 2.60011, 2.36316, -0, -0, -0, -0, -0, -0, -0, -0 
-0, -0, -0, -0, -0, -0, -0, -0, -0, 0.87, 2.62917, 2.38691, -0, -0, -0, -0, -0, -0, -0, -0 
-0, -0, -0, -0, -0, -0, -0, -0, -0, 0.88, 2.65854, 2.4109, -0, -0, -0, -0, -0, -0, -0, -0 
-0, -0, -0, -0, -0, -0, -0, -0, -0, 0.89, 2.68825, 2.43513, -0, -0, -0, -0, -0, -0, -0, -0 
-0, -0, -0, -0, -0, -0, -0, -0, -0, 0.9, 2.71828, 2.4596, -0, -0, -0, -0, -0, -0, -0, -0 
-0, -0, -0, -0, -0, -0, -0, -0, -0, 0.91, 2.74865, 2.48432, -0, -0, -0, -0, -0, -0, -0, -0 
-0, -0, -0, -0, -0, -0, -0, -0, -0, 0.92, 2.77936, 2.50929, -0, -0, -0, -0, -0, -0, -0, -0 
-0, -0, -0, -0, -0, -0, -0, -0, -0, 0.93, 2.81042, 2.53451, -0, -0, -0, -0, -0, -0, -0, -0 
-0, -0, -0, -0, -0, -0, -0, -0, -0, 0.94, 2.84182, 2.55998, -0, -0, -0, -0, -0, -0, -0, -0 
-0, -0, -0, -0, -0, -0, -0, -0, -0, 0.95, 2.87357, 2.58571, -0, -0, -0, -0, -0, -0, -0, -0 
-0, -0, -0, -0, -0, -0, -0, -0, -0, 0.96, 2.90568, 2.6117, -0, -0, -0, -0, -0, -0, -0, -0 
-0, -0, -0, -0, -0, -0, -0, -0, -0, 0.97, 2.93814, 2.63794, -0, -0, -0, -0, -0, -0, -0, -0 
-0, -0, -0, -0, -0, -0, -0, -0, -0, 0.98, 2.97097, 2.66446, -0, -0, -0, -0, -0, -0, -0, -0 
-0, -0, -0, -0, -0, -0, -0, -0, -0, 0.99, 3.00417, 2.69123, -0, -0, -0, -0, -0, -0, -0, -0 
-0, -0, -0, -0, -0, -0, -0, -0, -0, 1, 3.03773, 2.71828, -0, -0, -0, -0, -0, -0, -0, -0 
-0, -0, -0, -0, -0, -0, -0, -0, -0, 1.01, 3.07167, 2.7456, -0, -0, -0, -0, -0, -0, -0, -0 
-0, -0, -0, -0, -0, -0, -0, -0, -0, 1.02, 3.10599, 2.77319, -0, -0, -0, -0, -0, -0, -0, -0 
-0, -0, -0, -0, -0, -0, -0, -0, -0, 1.03, 3.1407, 2.80107, -0, -0, -0, -0, -0, -0, -0, -0 
-0, -0, -0, -0, -0, -0, -0, -0, -0, 1.04, 3.17579, 2.82922, -0, -0, -0, -0, -0, -0, -0, -0 
-0, -0, -0, -0, -0, -0, -0, -0, -0, 1.05, 3.21127, 2.85765, -0, -0, -0, -0, -0, -0, -0, -0 
-0, -0, -0, -0, -0, -0, -0, -0, -0, 1.06, 3.24715, 2.88637, -0, -0, -0, -0, -0, -0, -0, -0 
-0, -0, -0, -0, -0, -0, -0, -0, -0, 1.07, 3.28343, 2.91538, -0, -0, -0, -0, -0, -0, -0, -0 
-0, -0, -0, -0, -0, -0, -0, -0, -0, 1.08, 3.32012, 2.94468, -0, -0, -0, -0, -0, -0, -0, -0 
-0, -0, -0, -0, -0, -0, -0, -0, -0, 1.09, 3.35721, 2.97427, -0, -0, -0, -0, -0, -0, -0, -0 
-0, -0, -0, -0, -0, -0, -0, -0, -0, 1.1, 3.39472, 3.00417, -0, -0, -0, -0, -0, -0, -0, -0 
-0, -0, -0, -0, -0, -0, -0, -0, -0, 1.11, 3.43265, 3.03436, -0, -0, -0, -0, -0, -0, -0, -0 
-0, -0, -0, -0, -0, -0, -0, -0, -0, 1.12, 3.47101, 3.06485, -0, -0, -0, -0, -0, -0, -0, -0 
-0, -0, -0, -0, -0, -0, -0, -0, -0, 1.13, 3.50979, 3.09566, -0, -0, -0, -0, -0, -0, -0, -0 
-0, -0, -0, -0, -0, -0, -0, -0, -0, 1.14, 3.549, 3.12677, -0, -0, -0, -0, -0, -0, -0, -0 
-0, -0, -0, -0, -0, -0, -0, -0, -0, 1.15, 3.58866, 3.15819, -0, -0, -0, -0, -0, -0, -0, -0 
-0, -0, -0, -0, -0, -0, -0, -0, -0, 1.16, 3.62875, 3.18993, -0, -0, -0, -0, -0, -0, -0, -0 
-0, -0, -0, -0, -0, -0, -0, -0, -0, 1.17, 3.6693, 3.22199, -0, -0, -0, -0, -0, -0, -0, -0 
-0, -0, -0, -0, -0, -0, -0, -0, -0, 1.18, 3.71029, 3.25437, -0, -0, -0, -0, -0, -0, -0, -0 
-0, -0, -0, -0, -0, -0, -0, -0, -0, 1.19, 3.75175, 3.28708, -0, -0, -0, -0, -0, -0, -0, -0 
-0, -0, -0, -0, -0, -0, -0, -0, -0, 1.2, 3.79367, 3.32012, -0, -0, -0, -0, -0, -0, -0, -0 
-0, -0, -0, -0, -0, -0, -0, -0, -0, 1.21, 3.83605, 3.35348, -0, -0, -0, -0, -0, -0, -0, -0 
-0, -0, -0, -0, -0, -0, -0, -0, -0, 1.22, 3.87892, 3.38719, -0, -0, -0, -0, -0, -0, -0, -0 
-0, -0, -0, -0, -0, -0, -0, -0, -0, 1.23, 3.92225, 3.42123, -0, -0, -0, -0, -0, -0, -0, -0 
-0, -0, -0, -0, -0, -0, -0, -0, -0, 1.24, 3.96608, 3.45561, -0, -0, -0, -0, -0, -0, -0, -0 
-0, -0, -0, -0, -0, -0, -0, -0, -0, 1.25, 4.01039, 3.49034, -0, -0, -0, -0, -0, -0, -0, -0 
-0, -0, -0, -0, -0, -0, -0, -0, -0, 1.26, 4.0552, 3.52542, -0, -0, -0, -0, -0, -0, -0, -0 
-0, -0, -0, -0, -0, -0, -0, -0, -0, 1.27, 4.10051, 3.56085, -0, -0, -0, -0, -0, -0, -0, -0 
-0, -0, -0, -0, -0, -0, -0, -0, -0, 1.28, 4.14632, 3.59664, -0, -0, -0, -0, -0, -0, -0, -0 
-0, -0, -0, -0, -0, -0, -0, -0, -0, 1.29, 4.19265, 3.63279, -0, -0, -0, -0, -0, -0, -0, -0 
-0, -0, -0, -0, -0, -0, -0, -0, -0, 1.3, 4.2395, 3.6693, -0, -0, -0, -0, -0, -0, -0, -0 
-0, -0, -0, -0, -0, -0, -0, -0, -0, 1.31, 4.28686, 3.70617, -0, -0, -0, -0, -0, -0, -0, -0 
-0, -0, -0, -0, -0, -0, -0, -0, -0, 1.32, 4.33476, 3.74342, -0, -0, -0, -0, -0, -0, -0, -0 
-0, -0, -0, -0, -0, -0, -0, -0, -0, 1.33, 4.38319, 3.78104, -0, -0, -0, -0, -0, -0, -0, -0 
-0, -0, -0, -0, -0, -0, -0, -0, -0, 1.34, 4.43217, 3.81904, -0, -0, -0, -0, -0, -0, -0, -0 
-0, -0, -0, -0, -0, -0, -0, -0, -0, 1.35, 4.48169, 3.85743, -0, -0, -0, -0, -0, -0, -0, -0 
-0, -0, -0, -0, -0, -0, -0, -0, -0, 1.36, 4.53176, 3.89619, -0, -0, -0, -0, -0, -0, -0, -0 
-0, -0, -0, -0, -0, -0, -0, -0, -0, 1.37, 4.5824, 3.93535, -0, -0, -0, -0, -0, -0, -0, -0 
-0, -0, -0, -0, -0, -0, -0, -0, -0, 1.38, 4.6336, 3.9749, -0, -0, -0, -0, -0, -0, -0, -0 
-0, -0, -0, -0, -0, -0, -0, -0, -0, 1.39, 4.68537, 4.01485, -0, -0, -0, -0, -0, -0, -0, -0 
-0, -0, -0, -0, -0, -0, -0, -0, -0, 1.4, 4.73772, 4.0552, -0, -0, -0, -0, -0, -0, -0, -0 
-0, -0, -0, -0, -0, -0, -0, -0, -0, 1.41, 4.79065, 4.09596, -0, -0, -0, -0, -0, -0, -0, -0 
-0, -0, -0, -0, -0, -0, -0, -0, -0, 1.42, 4.84418, 4.13712, -0, -0, -0, -0, -0, -0, -0, -0 
-0, -0, -0, -0, -0, -0, -0, -0, -0, 1.43, 4.8983, 4.1787, -0, -0, -0, -0, -0, -0, -0, -0 
-0, -0, -0, -0, -0, -0, -0, -0, -0, 1.44, 4.95303, 4.2207, -0, -0, -0, -0, -0, -0, -0, -0 
-0, -0, -0, -0, -0, -0, -0, -0, -0, 1.45, 5.00837, 4.26311, -0, -0, -0, -0, -0, -0, -0, -0 
-0, -0, -0, -0, -0, -0, -0, -0, -0, 1.46, 5.06433, 4.30596, -0, -0, -0, -0, -0, -0, -0, -0 
-0, -0, -0, -0, -0, -0, -0, -0, -0, 1.47, 5.12092, 4.34924, -0, -0, -0, -0, -0, -0, -0, -0 
-0, -0, -0, -0, -0, -0, -0, -0, -0, 1.48, 5.17813, 4.39295, -0, -0, -0, -0, -0, -0, -0, -0 
-0, -0, -0, -0, -0, -0, -0, -0, -0, 1.49, 5.23599, 4.4371, -0, -0, -0, -0, -0, -0, -0, -0 
-0, -0, -0, -0, -0, -0, -0, -0, -0, 1.5, 5.29449, 4.48169, -0, -0, -0, -0, -0, -0, -0, -0 
-0, -0, -0, -0, -0, -0, -0, -0, -0, 1.51, 5.35365, 4.52673, -0, -0, -0, -0, -0, -0, -0, -0 
-0, -0, -0, -0, -0, -0, -0, -0, -0, 1.52, 5.41346, 4.57223, -0, -0, -0, -0, -0, -0, -0, -0 
-0, -0, -0, -0, -0, -0, -0, -0, -0, 1.53, 5.47395, 4.61818, -0, -0, -0, -0, -0, -0, -0, -0 
-0, -0, -0, -0, -0, -0, -0, -0, -0, 1.54, 5.53511, 4.66459, -0, -0, -0, -0, -0, -0, -0, -0 
-0, -0, -0, -0, -0, -0, -0, -0, -0, 1.55, 5.59695, 4.71147, -0, -0, -0, -0, -0, -0, -0, -0 
-0, -0, -0, -0, -0, -0, -0, -0, -0, 1.56, 5.65949, 4.75882, -0, -0, -0, -0, -0, -0, -0, -0 
-0, -0, -0, -0, -0, -0, -0, -0, -0, 1.57, 5.72272, 4.80665, -0, -0, -0, -0, -0, -0, -0, -0 
-0, -0, -0, -0, -0, -0, -0, -0, -0, 1.58, 5.78666, 4.85496, -0, -0, -0, -0, -0, -0, -0, -0 
-0, -0, -0, -0, -0, -0, -0, -0, -0, 1.59, 5.85132, 4.90375, -0, -0, -0, -0, -0, -0, -0, -0 
-0, -0, -0, -0, -0, -0, -0, -0, -0, 1.6, 5.91669, 4.95303, -0, -0, -0, -0, -0, -0, -0, -0 
-0, -0, -0, -0, -0, -0, -0, -0, -0, 1.61, 5.9828, 5.00281, -0, -0, -0, -0, -0, -0, -0, -0 
-0, -0, -0, -0, -0, -0, -0, -0, -0, 1.62, 6.04965, 5.05309, -0, -0, -0, -0, -0, -0, -0, -0 
-0, -0, -0, -0, -0, -0, -0, -0, -0, 1.63, 6.11724, 5.10387, -0, -0, -0, -0, -0, -0, -0, -0 
-0, -0, -0, -0, -0, -0, -0, -0, -0, 1.64, 6.18559, 5.15517, -0, -0, -0, -0, -0, -0, -0, -0 
-0, -0, -0, -0, -0, -0, -0, -0, -0, 1.65, 6.2547, 5.20698, -0, -0, -0, -0, -0, -0, -0, -0 
-0, -0, -0, -0, -0, -0, -0, -0, -0, 1.66, 6.32459, 5.25931, -0, -0, -0, -0, -0, -0, -0, -0 
-0, -0, -0, -0, -0, -0, -0, -0, -0, 1.67, 6.39525, 5.31217, -0, -0, -0, -0, -0, -0, -0, -0 
-0, -0, -0, -0, -0, -0, -0, -0, -0, 1.68, 6.4667, 5.36556, -0, -0, -0, -0, -0, -0, -0, -0 
-0, -0, -0, -0, -0, -0, -0, -0, -0, 1.69, 6.53896, 5.41948, -0, -0, -0, -0, -0, -0, -0, -0 
-0, -0, -0, -0, -0, -0, -0, -0, -0, 1.7, 6.61202, 5.47395, -0, -0, -0, -0, -0, -0, -0, -0 
-0, -0, -0, -0, -0, -0, -0, -0, -0, 1.71, 6.68589, 5.52896, -0, -0, -0, -0, -0, -0, -0, -0 
-0, -0, -0, -0, -0, -0, -0, -0, -0, 1.72, 6.7606, 5.58453, -0, -0, -0, -0, -0, -0, -0, -0 
-0, -0, -0, -0, -0, -0, -0, -0, -0, 1.73, 6.83613, 5.64065, -0, -0, -0, -0, -0, -0, -0, -0 
-0, -0, -0, -0, -0, -0, -0, -0, -0, 1.74, 6.91251, 5.69734, -0, -0, -0, -0, -0, -0, -0, -0 
-0, -0, -0, -0, -0, -0, -0, -0, -0, 1.75, 6.98975, 5.7546, -0, -0, -0, -0, -0, -0, -0, -0 
-0, -0, -0, -0, -0, -0, -0, -0, -0, 1.76, 7.06784, 5.81244, -0, -0, -0, -0, -0, -0, -0, -0 
-0, -0, -0, -0, -0, -0, -0, -0, -0, 1.77, 7.14681, 5.87085, -0, -0, -0, -0, -0, -0, -0, -0 
-0, -0, -0, -0, -0, -0, -0, -0, -0, 1.78, 7.22667, 5.92986, -0, -0, -0, -0, -0, -0, -0, -0 
-0, -0, -0, -0, -0, -0, -0, -0, -0, 1.79, 7.30741, 5.98945, -0, -0, -0, -0, -0, -0, -0, -0 
-0, -0, -0, -0, -0, -0, -0, -0, -0, 1.8, 7.38906, 6.04965, -0, -0, -0, -0, -0, -0, -0, -0 
-0, -0, -0, -0, -0, -0, -0, -0, -0, 1.81, 7.47161, 6.11045, -0, -0, -0, -0, -0, -0, -0, -0 
-0, -0, -0, -0, -0, -0, -0, -0, -0, 1.82, 7.5551, 6.17186, -0, -0, -0, -0, -0, -0, -0, -0 
-0, -0, -0, -0, -0, -0, -0, -0, -0, 1.83, 7.63951, 6.23389, -0, -0, -0, -0, -0, -0, -0, -0 
-0, -0, -0, -0, -0, -0, -0, -0, -0, 1.84, 7.72487, 6.29654, -0, -0, -0, -0, -0, -0, -0, -0 
-0, -0, -0, -0, -0, -0, -0, -0, -0, 1.85, 7.81118, 6.35982, -0, -0, -0, -0, -0, -0, -0, -0 
-0, -0, -0, -0, -0, -0, -0, -0, -0, 1.86, 7.89845, 6.42374, -0, -0, -0, -0, -0, -0, -0, -0 
-0, -0, -0, -0, -0, -0, -0, -0, -0, 1.87, 7.9867, 6.4883, -0, -0, -0, -0, -0, -0, -0, -0 
-0, -0, -0, -0, -0, -0, -0, -0, -0, 1.88, 8.07594, 6.5535, -0, -0, -0, -0, -0, -0, -0, -0 
-0, -0, -0, -0, -0, -0, -0, -0, -0, 1.89, 8.16617, 6.61937, -0, -0, -0, -0, -0, -0, -0, -0 
-0, -0, -0, -0, -0, -0, -0, -0, -0, 1.9, 8.25741, 6.68589, -0, -0, -0, -0, -0, -0, -0, -0 
-0, -0, -0, -0, -0, -0, -0, -0, -0, 1.91, 8.34967, 6.75309, -0, -0, -0, -0, -0, -0, -0, -0 
-0, -0, -0, -0, -0, -0, -0, -0, -0, 1.92, 8.44296, 6.82096, -0, -0, -0, -0, -0, -0, -0, -0 
-0, -0, -0, -0, -0, -0, -0, -0, -0, 1.93, 8.5373, 6.88951, -0, -0, -0, -0, -0, -0, -0, -0 
-0, -0, -0, -0, -0, -0, -0, -0, -0, 1.94, 8.63268, 6.95875, -0, -0, -0, -0, -0, -0, -0, -0 
-0, -0, -0, -0, -0, -0, -0, -0, -0, 1.95, 8.72914, 7.02869, -0, -0, -0, -0, -0, -0, -0, -0 
-0, -0, -0, -0, -0, -0, -0, -0, -0, 1.96, 8.82667, 7.09933, -0, -0, -0, -0, -0, -0, -0, -0 
-0, -0, -0, -0, -0, -0, -0, -0, -0, 1.97, 8.92529, 7.17068, -0, -0, -0, -0, -0, -0, -0, -0 
-0, -0, -0, -0, -0, -0, -0, -0, -0, 1.98, 9.02501, 7.24274, -0, -0, -0, -0, -0, -0, -0, -0 
-0, -0, -0, -0, -0, -0, -0, -0, -0, 1.99, 9.12585, 7.31553, -0, -0, -0, -0, -0, -0, -0, -0 
-0, -0, -0, -0, -0, -0, -0, -0, -0, 2, 9.22781, 7.38906, -0, -0, -0, -0, -0, -0, -0, -0 
-0, -0, -0, -0, -0, -0, -0, -0, -0, 2.01, 9.33092, 7.46332, -0, -0, -0, -0, -0, -0, -0, -0 
-0, -0, -0, -0, -0, -0, -0, -0, -0, 2.02, 9.43517, 7.53832, -0, -0, -0, -0, -0, -0, -0, -0 
-0, -0, -0, -0, -0, -0, -0, -0, -0, 2.03, 9.54059, 7.61409, -0, -0, -0, -0, -0, -0, -0, -0 
-0, -0, -0, -0, -0, -0, -0, -0, -0, 2.04, 9.64719, 7.69061, -0, -0, -0, -0, -0, -0, -0, -0 
-0, -0, -0, -0, -0, -0, -0, -0, -0, 2.05, 9.75498, 7.7679, -0, -0, -0, -0, -0, -0, -0, -0 
-0, -0, -0, -0, -0, -0, -0, -0, -0, 2.06, 9.86397, 7.84597, -0, -0, -0, -0, -0, -0, -0, -0 
-0, -0, -0, -0, -0, -0, -0, -0, -0, 2.07, 9.97418, 7.92482, -0, -0, -0, -0, -0, -0, -0, -0 
-0, -0, -0, -0, -0, -0, -0, -0, -0, 2.08, 10.0856, 8.00447, -0, -0, -0, -0, -0, -0, -0, -0 
-0, -0, -0, -0, -0, -0, -0, -0, -0, 2.09, 10.1983, 8.08492, -0, -0, -0, -0, -0, -0, -0, -0 
-0, -0, -0, -0, -0, -0, -0, -0, -0, 2.1, 10.3123, 8.16617, -0, -0, -0, -0, -0, -0, -0, -0 
-0, -0, -0, -0, -0, -0, -0, -0, -0, 2.11, 10.4275, 8.24824, -0, -0, -0, -0, -0, -0, -0, -0 
-0, -0, -0, -0, -0, -0, -0, -0, -0, 2.12, 10.544, 8.33114, -0, -0, -0, -0, -0, -0, -0, -0 
-0, -0, -0, -0, -0, -0, -0, -0, -0, 2.13, 10.6618, 8.41487, -0, -0, -0, -0, -0, -0, -0, -0 
-0, -0, -0, -0, -0, -0, -0, -0, -0, 2.14, 10.7809, 8.49944, -0, -0, -0, -0, -0, -0, -0, -0 
-0, -0, -0, -0, -0, -0, -0, -0, -0, 2.15, 10.9014, 8.58486, -0, -0, -0, -0, -0, -0, -0, -0 
-0, -0, -0, -0, -0, -0, -0, -0, -0, 2.16, 11.0232, 8.67114, -0, -0, -0, -0, -0, -0, -0, -0 
-0, -0, -0, -0, -0, -0, -0, -0, -0, 2.17, 11.1463, 8.75828, -0, -0, -0, -0, -0, -0, -0, -0 
-0, -0, -0, -0, -0, -0, -0, -0, -0, 2.18, 11.2709, 8.84631, -0, -0, -0, -0, -0, -0, -0, -0 
-0, -0, -0, -0, -0, -0, -0, -0, -0, 2.19, 11.3968, 8.93521, -0, -0, -0, -0, -0, -0, -0, -0 
-0, -0, -0, -0, -0, -0, -0, -0, -0, 2.2, 11.5241, 9.02501, -0, -0, -0, -0, -0, -0, -0, -0 
-0, -0, -0, -0, -0, -0, -0, -0, -0, 2.21, 11.6529, 9.11572, -0, -0, -0, -0, -0, -0, -0, -0 
-0, -0, -0, -0, -0, -0, -0, -0, -0, 2.22, 11.7831, 9.20733, -0, -0, -0, -0, -0, -0, -0, -0 
-0, -0, -0, -0, -0, -0, -0, -0, -0, 2.23, 11.9148, 9.29987, -0, -0, -0, -0, -0, -0, -0, -0 
-0, -0, -0, -0, -0, -0, -0, -0, -0, 2.24, 12.0479, 9.39333, -0, -0, -0, -0, -0, -0, -0, -0 
-0, -0, -0, -0, -0, -0, -0, -0, -0, 2.25, 12.1825, 9.48774, -0, -0, -0, -0, -0, -0, -0, -0 
-0, -0, -0, -0, -0, -0, -0, -0, -0, 2.26, 12.3186, 9.58309, -0, -0, -0, -0, -0, -0, -0, -0 
-0, -0, -0, -0, -0, -0, -0, -0, -0, 2.27, 12.4562, 9.6794, -0, -0, -0, -0, -0, -0, -0, -0 
-0, -0, -0, -0, -0, -0, -0, -0, -0, 2.28, 12.5954, 9.77668, -0, -0, -0, -0, -0, -0, -0, -0 
-0, -0, -0, -0, -0, -0, -0, -0, -0, 2.29, 12.7362, 9.87494, -0, -0, -0, -0, -0, -0, -0, -0 
-0, -0, -0, -0, -0, -0, -0, -0, -0, 2.3, 12.8785, 9.97418, -0, -0, -0, -0, -0, -0, -0, -0 
-0, -0, -0, -0, -0, -0, -0, -0, -0, 2.31, 13.0223, 10.0744, -0, -0, -0, -0, -0, -0, -0, -0 
-0, -0, -0, -0, -0, -0, -0, -0, -0, 2.32, 13.1678, 10.1757, -0, -0, -0, -0, -0, -0, -0, -0 
-0, -0, -0, -0, -0, -0, -0, -0, -0, 2.33, 13.315, 10.2779, -0, -0, -0, -0, -0, -0, -0, -0 
-0, -0, -0, -0, -0, -0, -0, -0, -0, 2.34, 13.4637, 10.3812, -0, -0, -0, -0, -0, -0, -0, -0 
-0, -0, -0, -0, -0, -0, -0, -0, -0, 2.35, 13.6142, 10.4856, -0, -0, -0, -0, -0, -0, -0, -0 
-0, -0, -0, -0, -0, -0, -0, -0, -0, 2.36, 13.7663, 10.591, -0, -0, -0, -0, -0, -0, -0, -0 
-0, -0, -0, -0, -0, -0, -0, -0, -0, 2.37, 13.9201, 10.6974, -0, -0, -0, -0, -0, -0, -0, -0 
-0, -0, -0, -0, -0, -0, -0, -0, -0, 2.38, 14.0756, 10.8049, -0, -0, -0, -0, -0, -0, -0, -0 
-0, -0, -0, -0, -0, -0, -0, -0, -0, 2.39, 14.2329, 10.9135, -0, -0, -0, -0, -0, -0, -0, -0 
-0, -0, -0, -0, -0, -0, -0, -0, -0, 2.4, 14.3919, 11.0232, -0, -0, -0, -0, -0, -0, -0, -0 
-0, -0, -0, -0, -0, -0, -0, -0, -0, 2.41, 14.5527, 11.134, -0, -0, -0, -0, -0, -0, -0, -0 
-0, -0, -0, -0, -0, -0, -0, -0, -0, 2.42, 14.7153, 11.2459, -0, -0, -0, -0, -0, -0, -0, -0 
-0, -0, -0, -0, -0, -0, -0, -0, -0, 2.43, 14.8797, 11.3589, -0, -0, -0, -0, -0, -0, -0, -0 
-0, -0, -0, -0, -0, -0, -0, -0, -0, 2.44, 15.046, 11.473, -0, -0, -0, -0, -0, -0, -0, -0 
-0, -0, -0, -0, -0, -0, -0, -0, -0, 2.45, 15.2141, 11.5883, -0, -0, -0, -0, -0, -0, -0, -0 
-0, -0, -0, -0, -0, -0, -0, -0, -0, 2.46, 15.3841, 11.7048, -0, -0, -0, -0, -0, -0, -0, -0 
-0, -0, -0, -0, -0, -0, -0, -0, -0, 2.47, 15.556, 11.8224, -0, -0, -0, -0, -0, -0, -0, -0 
-0, -0, -0, -0, -0, -0, -0, -0, -0, 2.48, 15.7298, 11.9413, -0, -0, -0, -0, -0, -0, -0, -0 
-0, -0, -0, -0, -0, -0, -0, -0, -0, 2.49, 15.9055, 12.0613, -0, -0, -0, -0, -0, -0, -0, -0 
-0, -0, -0, -0, -0, -0, -0, -0, -0, 2.5, 16.0832, 12.1825, -0, -0, -0, -0, -0, -0, -0, -0 
-0, -0, -0, -0, -0, -0, -0, -0, -0, 2.51, 16.2629, 12.3049, -0, -0, -0, -0, -0, -0, -0, -0 
-0, -0, -0, -0, -0, -0, -0, -0, -0, 2.52, 16.4446, 12.4286, -0, -0, -0, -0, -0, -0, -0, -0 
-0, -0, -0, -0, -0, -0, -0, -0, -0, 2.53, 16.6284, 12.5535, -0, -0, -0, -0, -0, -0, -0, -0 
-0, -0, -0, -0, -0, -0, -0, -0, -0, 2.54, 16.8142, 12.6797, -0, -0, -0, -0, -0, -0, -0, -0 
-0, -0, -0, -0, -0, -0, -0, -0, -0, 2.55, 17.002, 12.8071, -0, -0, -0, -0, -0, -0, -0, -0 
-0, -0, -0, -0, -0, -0, -0, -0, -0, 2.56, 17.192, 12.9358, -0, -0, -0, -0, -0, -0, -0, -0 
-0, -0, -0, -0, -0, -0, -0, -0, -0, 2.57, 17.3841, 13.0658, -0, -0, -0, -0, -0, -0, -0, -0 
-0, -0, -0, -0, -0, -0, -0, -0, -0, 2.58, 17.5783, 13.1971, -0, -0, -0, -0, -0, -0, -0, -0 
-0, -0, -0, -0, -0, -0, -0, -0, -0, 2.59, 17.7747, 13.3298, -0, -0, -0, -0, -0, -0, -0, -0 
-0, -0, -0, -0, -0, -0, -0, -0, -0, 2.6, 17.9733, 13.4637, -0, -0, -0, -0, -0, -0, -0, -0 
-0, -0, -0, -0, -0, -0, -0, -0, -0, 2.61, 18.1741, 13.5991, -0, -0, -0, -0, -0, -0, -0, -0 
-0, -0, -0, -0, -0, -0, -0, -0, -0, 2.62, 18.3772, 13.7357, -0, -0, -0, -0, -0, -0, -0, -0 
-0, -0, -0, -0, -0, -0, -0, -0, -0, 2.63, 18.5825, 13.8738, -0, -0, -0, -0, -0, -0, -0, -0 
-0, -0, -0, -0, -0, -0, -0, -0, -0, 2.64, 18.7902, 14.0132, -0, -0, -0, -0, -0, -0, -0, -0 
-0, -0, -0, -0, -0, -0, -0, -0, -0, 2.65, 19.0001, 14.154, -0, -0, -0, -0, -0, -0, -0, -0 
-0, -0, -0, -0, -0, -0, -0, -0, -0, 2.66, 19.2124, 14.2963, -0, -0, -0, -0, -0, -0, -0, -0 
-0, -0, -0, -0, -0, -0, -0, -0, -0, 2.67, 19.4271, 14.44, -0, -0, -0, -0, -0, -0, -0, -0 
-0, -0, -0, -0, -0, -0, -0, -0, -0, 2.68, 19.6441, 14.5851, -0, -0, -0, -0, -0, -0, -0, -0 
-0, -0, -0, -0, -0, -0, -0, -0, -0, 2.69, 19.8636, 14.7317, -0, -0, -0, -0, -0, -0, -0, -0 
-0, -0, -0, -0, -0, -0, -0, -0, -0, 2.7, 20.0855, 14.8797, -0, -0, -0, -0, -0, -0, -0, -0 
-0, -0, -0, -0, -0, -0, -0, -0, -0, 2.71, 20.31, 15.0293, -0, -0, -0, -0, -0, -0, -0, -0 
-0, -0, -0, -0, -0, -0, -0, -0, -0, 2.72, 20.5369, 15.1803, -0, -0, -0, -0, -0, -0, -0, -0 
-0, -0, -0, -0, -0, -0, -0, -0, -0, 2.73, 20.7663, 15.3329, -0, -0, -0, -0, -0, -0, -0, -0 
-0, -0, -0, -0, -0, -0, -0, -0, -0, 2.74, 20.9984, 15.487, -0, -0, -0, -0, -0, -0, -0, -0 
-0, -0, -0, -0, -0, -0, -0, -0, -0, 2.75, 21.233, 15.6426, -0, -0, -0, -0, -0, -0, -0, -0 
-0, -0, -0, -0, -0, -0, -0, -0, -0, 2.76, 21.4702, 15.7998, -0, -0, -0, -0, -0, -0, -0, -0 
-0, -0, -0, -0, -0, -0, -0, -0, -0, 2.77, 21.7101, 15.9586, -0, -0, -0, -0, -0, -0, -0, -0 
-0, -0, -0, -0, -0, -0, -0, -0, -0, 2.78, 21.9527, 16.119, -0, -0, -0, -0, -0, -0, -0, -0 
-0, -0, -0, -0, -0, -0, -0, -0, -0, 2.79, 22.198, 16.281, -0, -0, -0, -0, -0, -0, -0, -0 
-0, -0, -0, -0, -0, -0, -0, -0, -0, 2.8, 22.446, 16.4446, -0, -0, -0, -0, -0, -0, -0, -0 
-0, -0, -0, -0, -0, -0, -0, -0, -0, 2.81, 22.6968, 16.6099, -0, -0, -0, -0, -0, -0, -0, -0 
-0, -0, -0, -0, -0, -0, -0, -0, -0, 2.82, 22.9504, 16.7769, -0, -0, -0, -0, -0, -0, -0, -0 
-0, -0, -0, -0, -0, -0, -0, -0, -0, 2.83, 23.2068, 16.9455, -0, -0, -0, -0, -0, -0, -0, -0 
-0, -0, -0, -0, -0, -0, -0, -0, -0, 2.84, 23.4661, 17.1158, -0, -0, -0, -0, -0, -0, -0, -0 
-0, -0, -0, -0, -0, -0, -0, -0, -0, 2.85, 23.7283, 17.2878, -0, -0, -0, -0, -0, -0, -0, -0 
-0, -0, -0, -0, -0, -0, -0, -0, -0, 2.86, 23.9934, 17.4615, -0, -0, -0, -0, -0, -0, -0, -0 
-0, -0, -0, -0, -0, -0, -0, -0, -0, 2.87, 24.2615, 17.637, -0, -0, -0, -0, -0, -0, -0, -0 
-0, -0, -0, -0, -0, -0, -0, -0, -0, 2.88, 24.5325, 17.8143, -0, -0, -0, -0, -0, -0, -0, -0 
-0, -0, -0, -0, -0, -0, -0, -0, -0, 2.89, 24.8066, 17.9933, -0, -0, -0, -0, -0, -0, -0, -0 
-0, -0, -0, -0, -0, -0, -0, -0, -0, 2.9, 25.0838, 18.1741, -0, -0, -0, -0, -0, -0, -0, -0 
-0, -0, -0, -0, -0, -0, -0, -0, -0, 2.91, 25.3641, 18.3568, -0, -0, -0, -0, -0, -0, -0, -0 
-0, -0, -0, -0, -0, -0, -0, -0, -0, 2.92, 25.6475, 18.5413, -0, -0, -0, -0, -0, -0, -0, -0 
-0, -0, -0, -0, -0, -0, -0, -0, -0, 2.93, 25.934, 18.7276, -0, -0, -0, -0, -0, -0, -0, -0 
-0, -0, -0, -0, -0, -0, -0, -0, -0, 2.94, 26.2238, 18.9158, -0, -0, -0, -0, -0, -0, -0, -0 
-0, -0, -0, -0, -0, -0, -0, -0, -0, 2.95, 26.5168, 19.106, -0, -0, -0, -0, -0, -0, -0, -0 
-0, -0, -0, -0, -0, -0, -0, -0, -0, 2.96, 26.8131, 19.298, -0, -0, -0, -0, -0, -0, -0, -0 
-0, -0, -0, -0, -0, -0, -0, -0, -0, 2.97, 27.1126, 19.4919, -0, -0, -0, -0, -0, -0, -0, -0 
-0, -0, -0, -0, -0, -0, -0, -0, -0, 2.98, 27.4156, 19.6878, -0, -0, -0, -0, -0, -0, -0, -0 
-0, -0, -0, -0, -0, -0, -0, -0, -0, 2.99, 27.7219, 19.8857, -0, -0, -0, -0, -0, -0, -0, -0 
-0, -0, -0, -0, -0, -0, -0, -0, -0, 3, 28.0316, 20.0855, -0, -0, -0, -0, -0, -0, -0, -0 
-0, -0, -0, -0, -0, -0, -0, -0, -0, 3.01, 28.3448, 20.2874, -0, -0, -0, -0, -0, -0, -0, -0 
-0, -0, -0, -0, -0, -0, -0, -0, -0, 3.02, 28.6615, 20.4913, -0, -0, -0, -0, -0, -0, -0, -0 
-0, -0, -0, -0, -0, -0, -0, -0, -0, 3.03, 28.9818, 20.6972, -0, -0, -0, -0, -0, -0, -0, -0 
-0, -0, -0, -0, -0, -0, -0, -0, -0, 3.04, 29.3056, 20.9052, -0, -0, -0, -0, -0, -0, -0, -0 
-0, -0, -0, -0, -0, -0, -0, -0, -0, 3.05, 29.633, 21.1153, -0, -0, -0, -0, -0, -0, -0, -0 
-0, -0, -0, -0, -0, -0, -0, -0, -0, 3.06, 29.9641, 21.3276, -0, -0, -0, -0, -0, -0, -0, -0 
-0, -0, -0, -0, -0, -0, -0, -0, -0, 3.07, 30.2989, 21.5419, -0, -0, -0, -0, -0, -0, -0, -0 
-0, -0, -0, -0, -0, -0, -0, -0, -0, 3.08, 30.6374, 21.7584, -0, -0, -0, -0, -0, -0, -0, -0 
-0, -0, -0, -0, -0, -0, -0, -0, -0, 3.09, 30.9797, 21.9771, -0, -0, -0, -0, -0, -0, -0, -0 
-0, -0, -0, -0, -0, -0, -0, -0, -0, 3.1, 31.3259, 22.198, -0, -0, -0, -0, -0, -0, -0, -0 
-0, -0, -0, -0, -0, -0, -0, -0, -0, 3.11, 31.6759, 22.421, -0, -0, -0, -0, -0, -0, -0, -0 
-0, -0, -0, -0, -0, -0, -0, -0, -0, 3.12, 32.0298, 22.6464, -0, -0, -0, -0, -0, -0, -0, -0 
-0, -0, -0, -0, -0, -0, -0, -0, -0, 3.13, 32.3877, 22.874, -0, -0, -0, -0, -0, -0, -0, -0 
-0, -0, -0, -0, -0, -0, -0, -0, -0, 3.14, 32.7495, 23.1039, -0, -0, -0, -0, -0, -0, -0, -0 
-0, -0, -0, -0, -0, -0, -0, -0, -0, 3.15, 33.1155, 23.3361, -0, -0, -0, -0, -0, -0, -0, -0 
-0, -0, -0, -0, -0, -0, -0, -0, -0, 3.16, 33.4855, 23.5706, -0, -0, -0, -0, -0, -0, -0, -0 
-0, -0, -0, -0, -0, -0, -0, -0, -0, 3.17, 33.8596, 23.8075, -0, -0, -0, -0, -0, -0, -0, -0 
-0, -0, -0, -0, -0, -0, -0, -0, -0, 3.18, 34.2379, 24.0468, -0, -0, -0, -0, -0, -0, -0, -0 
-0, -0, -0, -0, -0, -0, -0, -0, -0, 3.19, 34.6204, 24.2884, -0, -0, -0, -0, -0, -0, -0, -0 
-0, -0, -0, -0, -0, -0, -0, -0, -0, 3.2, 35.0073, 24.5325, -0, -0, -0, -0, -0, -0, -0, -0 
-0, -0, -0, -0, -0, -0, -0, -0, -0, 3.21, 35.3984, 24.7791, -0, -0, -0, -0, -0, -0, -0, -0 
-0, -0, -0, -0, -0, -0, -0, -0, -0, 3.22, 35.7939, 25.0281, -0, -0, -0, -0, -0, -0, -0, -0 
-0, -0, -0, -0, -0, -0, -0, -0, -0, 3.23, 36.1938, 25.2797, -0, -0, -0, -0, -0, -0, -0, -0 
-0, -0, -0, -0, -0, -0, -0, -0, -0, 3.24, 36.5982, 25.5337, -0, -0, -0, -0, -0, -0, -0, -0 
-0, -0, -0, -0, -0, -0, -0, -0, -0, 3.25, 37.0071, 25.7903, -0, -0, -0, -0, -0, -0, -0, -0 
-0, -0, -0, -0, -0, -0, -0, -0, -0, 3.26, 37.4206, 26.0495, -0, -0, -0, -0, -0, -0, -0, -0 
-0, -0, -0, -0, -0, -0, -0, -0, -0, 3.27, 37.8387, 26.3113, -0, -0, -0, -0, -0, -0, -0, -0 
-0, -0, -0, -0, -0, -0, -0, -0, -0, 3.28, 38.2615, 26.5758, -0, -0, -0, -0, -0, -0, -0, -0 
-0, -0, -0, -0, -0, -0, -0, -0, -0, 3.29, 38.689, 26.8429, -0, -0, -0, -0, -0, -0, -0, -0 
-0, -0, -0, -0, -0, -0, -0, -0, -0, 3.3, 39.1213, 27.1126, -0, -0, -0, -0, -0, -0, -0, -0 
-0, -0, -0, -0, -0, -0, -0, -0, -0, 3.31, 39.5584, 27.3851, -0, -0, -0, -0, -0, -0, -0, -0 
-0, -0, -0, -0, -0, -0, -0, -0, -0, 3.32, 40.0004, 27.6604, -0, -0, -0, -0, -0, -0, -0, -0 
-0, -0, -0, -0, -0, -0, -0, -0, -0, 3.33, 40.4473, 27.9383, -0, -0, -0, -0, -0, -0, -0, -0 
-0, -0, -0, -0, -0, -0, -0, -0, -0, 3.34, 40.8992, 28.2191, -0, -0, -0, -0, -0, -0, -0, -0 
-0, -0, -0, -0, -0, -0, -0, -0, -0, 3.35, 41.3562, 28.5027, -0, -0, -0, -0, -0, -0, -0, -0 
-0, -0, -0, -0, -0, -0, -0, -0, -0, 3.36, 41.8183, 28.7892, -0, -0, -0, -0, -0, -0, -0, -0 
-0, -0, -0, -0, -0, -0, -0, -0, -0, 3.37, 42.2855, 29.0785, -0, -0, -0, -0, -0, -0, -0, -0 
-0, -0, -0, -0, -0, -0, -0, -0, -0, 3.38, 42.758, 29.3708, -0, -0, -0, -0, -0, -0, -0, -0 
-0, -0, -0, -0, -0, -0, -0, -0, -0, 3.39, 43.2357, 29.666, -0, -0, -0, -0, -0, -0, -0, -0 
-0, -0, -0, -0, -0, -0, -0, -0, -0, 3.4, 43.7188, 29.9641, -0, -0, -0, -0, -0, -0, -0, -0 
-0, -0, -0, -0, -0, -0, -0, -0, -0, 3.41, 44.2073, 30.2652, -0, -0, -0, -0, -0, -0, -0, -0 
-0, -0, -0, -0, -0, -0, -0, -0, -0, 3.42, 44.7012, 30.5694, -0, -0, -0, -0, -0, -0, -0, -0 
-0, -0, -0, -0, -0, -0, -0, -0, -0, 3.43, 45.2006, 30.8766, -0, -0, -0, -0, -0, -0, -0, -0 
-0, -0, -0, -0, -0, -0, -0, -0, -0, 3.44, 45.7057, 31.187, -0, -0, -0, -0, -0, -0, -0, -0 
-0, -0, -0, -0, -0, -0, -0, -0, -0, 3.45, 46.2163, 31.5004, -0, -0, -0, -0, -0, -0, -0, -0 
-0, -0, -0, -0, -0, -0, -0, -0, -0, 3.46, 46.7327, 31.817, -0, -0, -0, -0, -0, -0, -0, -0 
-0, -0, -0, -0, -0, -0, -0, -0, -0, 3.47, 47.2549, 32.1367, -0, -0, -0, -0, -0, -0, -0, -0 
-0, -0, -0, -0, -0, -0, -0, -0, -0, 3.48, 47.7828, 32.4597, -0, -0, -0, -0, -0, -0, -0, -0 
-0, -0, -0, -0, -0, -0, -0, -0, -0, 3.49, 48.3167, 32.7859, -0, -0, -0, -0, -0, -0, -0, -0 
-0, -0, -0, -0, -0, -0, -0, -0, -0, 3.5, 48.8566, 33.1155, -0, -0, -0, -0, -0, -0, -0, -0 
-0, -0, -0, -0, -0, -0, -0, -0, -0, 3.51, 49.4024, 33.4483, -0, -0, -0, -0, -0, -0, -0, -0 
-0, -0, -0, -0, -0, -0, -0, -0, -0, 3.52, 49.9544, 33.7844, -0, -0, -0, -0, -0, -0, -0, -0 
-0, -0, -0, -0, -0, -0, -0, -0, -0, 3.53, 50.5126, 34.124, -0, -0, -0, -0, -0, -0, -0, -0 
-0, -0, -0, -0, -0, -0, -0, -0, -0, 3.54, 51.077, 34.4669, -0, -0, -0, -0, -0, -0, -0, -0 
-0, -0, -0, -0, -0, -0, -0, -0, -0, 3.55, 51.6476, 34.8133, -0, -0, -0, -0, -0, -0, -0, -0 
-0, -0, -0, -0, -0, -0, -0, -0, -0, 3.56, 52.2247, 35.1632, -0, -0, -0, -0, -0, -0, -0, -0 
-0, -0, -0, -0, -0, -0, -0, -0, -0, 3.57, 52.8082, 35.5166, -0, -0, -0, -0, -0, -0, -0, -0 
-0, -0, -0, -0, -0, -0, -0, -0, -0, 3.58, 53.3982, 35.8735, -0, -0, -0, -0, -0, -0, -0, -0 
-0, -0, -0, -0, -0, -0, -0, -0, -0, 3.59, 53.9949, 36.2341, -0, -0, -0, -0, -0, -0, -0, -0 
-0, -0, -0, -0, -0, -0, -0, -0, -0, 3.6, 54.5982, 36.5982, -0, -0, -0, -0, -0, -0, -0, -0 
-0, -0, -0, -0, -0, -0, -0, -0, -0, 3.61, 55.2082, 36.9661, -0, -0, -0, -0, -0, -0, -0, -0 
-0, -0, -0, -0, -0, -0, -0, -0, -0, 3.62, 55.825, 37.3376, -0, -0, -0, -0, -0, -0, -0, -0 
-0, -0, -0, -0, -0, -0, -0, -0, -0, 3.63, 56.4488, 37.7128, -0, -0, -0, -0, -0, -0, -0, -0 
-0, -0, -0, -0, -0, -0, -0, -0, -0, 3.64, 57.0795, 38.0918, -0, -0, -0, -0, -0, -0, -0, -0 
-0, -0, -0, -0, -0, -0, -0, -0, -0, 3.65, 57.7172, 38.4747, -0, -0, -0, -0, -0, -0, -0, -0 
-0, -0, -0, -0, -0, -0, -0, -0, -0, 3.66, 58.3621, 38.8613, -0, -0, -0, -0, -0, -0, -0, -0 
-0, -0, -0, -0, -0, -0, -0, -0, -0, 3.67, 59.0142, 39.2519, -0, -0, -0, -0, -0, -0, -0, -0 
-0, -0, -0, -0, -0, -0, -0, -0, -0, 3.68, 59.6736, 39.6464, -0, -0, -0, -0, -0, -0, -0, -0 
-0, -0, -0, -0, -0, -0, -0, -0, -0, 3.69, 60.3403, 40.0448, -0, -0, -0, -0, -0, -0, -0, -0 
-0, -0, -0, -0, -0, -0, -0, -0, -0, 3.7, 61.0145, 40.4473, -0, -0, -0, -0, -0, -0, -0, -0 
-0, -0, -0, -0, -0, -0, -0, -0, -0, 3.71, 61.6962, 40.8538, -0, -0, -0, -0, -0, -0, -0, -0 
-0, -0, -0, -0, -0, -0, -0, -0, -0, 3.72, 62.3855, 41.2644, -0, -0, -0, -0, -0, -0, -0, -0 
-0, -0, -0, -0, -0, -0, -0, -0, -0, 3.73, 63.0826, 41.6791, -0, -0, -0, -0, -0, -0, -0, -0 
-0, -0, -0, -0, -0, -0, -0, -0, -0, 3.74, 63.7874, 42.098, -0, -0, -0, -0, -0, -0, -0, -0 
-0, -0, -0, -0, -0, -0, -0, -0, -0, 3.75, 64.5001, 42.5211, -0, -0, -0, -0, -0, -0, -0, -0 
-0, -0, -0, -0, -0, -0, -0, -0, -0, 3.76, 65.2208, 42.9484, -0, -0, -0, -0, -0, -0, -0, -0 
-0, -0, -0, -0, -0, -0, -0, -0, -0, 3.77, 65.9495, 43.3801, -0, -0, -0, -0, -0, -0, -0, -0 
-0, -0, -0, -0, -0, -0, -0, -0, -0, 3.78, 66.6863, 43.816, -0, -0, -0, -0, -0, -0, -0, -0 
-0, -0, -0, -0, -0, -0, -0, -0, -0, 3.79, 67.4314, 44.2564, -0, -0, -0, -0, -0, -0, -0, -0 
-0, -0, -0, -0, -0, -0, -0, -0, -0, 3.8, 68.1848, 44.7012, -0, -0, -0, -0, -0, -0, -0, -0 
-0, -0, -0, -0, -0, -0, -0, -0, -0, 3.81, 68.9467, 45.1504, -0, -0, -0, -0, -0, -0, -0, -0 
-0, -0, -0, -0, -0, -0, -0, -0, -0, 3.82, 69.717, 45.6042, -0, -0, -0, -0, -0, -0, -0, -0 
-0, -0, -0, -0, -0, -0, -0, -0, -0, 3.83, 70.496, 46.0625, -0, -0, -0, -0, -0, -0, -0, -0 
-0, -0, -0, -0, -0, -0, -0, -0, -0, 3.84, 71.2836, 46.5255, -0, -0, -0, -0, -0, -0, -0, -0 
-0, -0, -0, -0, -0, -0, -0, -0, -0, 3.85, 72.0801, 46.9931, -0, -0, -0, -0, -0, -0, -0, -0 
-0, -0, -0, -0, -0, -0, -0, -0, -0, 3.86, 72.8854, 47.4654, -0, -0, -0, -0, -0, -0, -0, -0 
-0, -0, -0, -0, -0, -0, -0, -0, -0, 3.87, 73.6998, 47.9424, -0, -0, -0, -0, -0, -0, -0, -0 
-0, -0, -0, -0, -0, -0, -0, -0, -0, 3.88, 74.5232, 48.4242, -0, -0, -0, -0, -0, -0, -0, -0 
-0, -0, -0, -0, -0, -0, -0, -0, -0, 3.89, 75.3559, 48.9109, -0, -0, -0, -0, -0, -0, -0, -0 
-0, -0, -0, -0, -0, -0, -0, -0, -0, 3.9, 76.1979, 49.4024, -0, -0, -0, -0, -0, -0, -0, -0 
-0, -0, -0, -0, -0, -0, -0, -0, -0, 3.91, 77.0492, 49.899, -0, -0, -0, -0, -0, -0, -0, -0 
-0, -0, -0, -0, -0, -0, -0, -0, -0, 3.92, 77.9101, 50.4004, -0, -0, -0, -0, -0, -0, -0, -0 
-0, -0, -0, -0, -0, -0, -0, -0, -0, 3.93, 78.7806, 50.907, -0, -0, -0, -0, -0, -0, -0, -0 
-0, -0, -0, -0, -0, -0, -0, -0, -0, 3.94, 79.6608, 51.4186, -0, -0, -0, -0, -0, -0, -0, -0 
-0, -0, -0, -0, -0, -0, -0, -0, -0, 3.95, 80.5509, 51.9354, -0, -0, -0, -0, -0, -0, -0, -0 
-0, -0, -0, -0, -0, -0, -0, -0, -0, 3.96, 81.4509, 52.4573, -0, -0, -0, -0, -0, -0, -0, -0 
-0, -0, -0, -0, -0, -0, -0, -0, -0, 3.97, 82.3609, 52.9845, -0, -0, -0, -0, -0, -0, -0, -0 
-0, -0, -0, -0, -0, -0, -0, -0, -0, 3.98, 83.2811, 53.517, -0, -0, -0, -0, -0, -0, -0, -0 
-0, -0, -0, -0, -0, -0, -0, -0, -0, 3.99, 84.2117, 54.0549, -0, -0, -0, -0, -0, -0, -0, -0 
-0, -0, -0, -0, -0, -0, -0, -0, -0, 4, 85.1526, 54.5982, -0, -0, -0, -0, -0, -0, -0, -0 
-0, -0, -0, -0, -0, -0, -0, -0, -0, 4.01, 86.104, 55.1469, -0, -0, -0, -0, -0, -0, -0, -0 
-0, -0, -0, -0, -0, -0, -0, -0, -0, 4.02, 87.066, 55.7011, -0, -0, -0, -0, -0, -0, -0, -0 
-0, -0, -0, -0, -0, -0, -0, -0, -0, 4.03, 88.0388, 56.2609, -0, -0, -0, -0, -0, -0, -0, -0 
-0, -0, -0, -0, -0, -0, -0, -0, -0, 4.04, 89.0225, 56.8263, -0, -0, -0, -0, -0, -0, -0, -0 
-0, -0, -0, -0, -0, -0, -0, -0, -0, 4.05, 90.0171, 57.3975, -0, -0, -0, -0, -0, -0, -0, -0 
-0, -0, -0, -0, -0, -0, -0, -0, -0, 4.06, 91.0229, 57.9743, -0, -0, -0, -0, -0, -0, -0, -0 
-0, -0, -0, -0, -0, -0, -0, -0, -0, 4.07, 92.0399, 58.557, -0, -0, -0, -0, -0, -0, -0, -0 
-0, -0, -0, -0, -0, -0, -0, -0, -0, 4.08, 93.0683, 59.1455, -0, -0, -0, -0, -0, -0, -0, -0 
-0, -0, -0, -0, -0, -0, -0, -0, -0, 4.09, 94.1081, 59.7399, -0, -0, -0, -0, -0, -0, -0, -0 
-0, -0, -0, -0, -0, -0, -0, -0, -0, 4.1, 95.1596, 60.3403, -0, -0, -0, -0, -0, -0, -0, -0 
-0, -0, -0, -0, -0, -0, -0, -0, -0, 4.11, 96.2228, 60.9467, -0, -0, -0, -0, -0, -0, -0, -0 
-0, -0, -0, -0, -0, -0, -0, -0, -0, 4.12, 97.2979, 61.5592, -0, -0, -0, -0, -0, -0, -0, -0 
-0, -0, -0, -0, -0, -0, -0, -0, -0, 4.13, 98.3851, 62.1779, -0, -0, -0, -0, -0, -0, -0, -0 
-0, -0, -0, -0, -0, -0, -0, -0, -0, 4.14, 99.4843, 62.8028, -0, -0, -0, -0, -0, -0, -0, -0 
-0, -0, -0, -0, -0, -0, -0, -0, -0, 4.15, 100.596, 63.434, -0, -0, -0, -0, -0, -0, -0, -0 
-0, -0, -0, -0, -0, -0, -0, -0, -0, 4.16, 101.72, 64.0715, -0, -0, -0, -0, -0, -0, -0, -0 
-0, -0, -0, -0, -0, -0, -0, -0, -0, 4.17, 102.856, 64.7155, -0, -0, -0, -0, -0, -0, -0, -0 
-0, -0, -0, -0, -0, -0, -0, -0, -0, 4.18, 104.006, 65.3659, -0, -0, -0, -0, -0, -0, -0, -0 
-0, -0, -0, -0, -0, -0, -0, -0, -0, 4.19, 105.168, 66.0228, -0, -0, -0, -0, -0, -0, -0, -0 
-0, -0, -0, -0, -0, -0, -0, -0, -0, 4.2, 106.343, 66.6863, -0, -0, -0, -0, -0, -0, -0, -0 
-0, -0, -0, -0, -0, -0, -0, -0, -0, 4.21, 107.531, 67.3565, -0, -0, -0, -0, -0, -0, -0, -0 
-0, -0, -0, -0, -0, -0, -0, -0, -0, 4.22, 108.732, 68.0335, -0, -0, -0, -0, -0, -0, -0, -0 
-0, -0, -0, -0, -0, -0, -0, -0, -0, 4.23, 109.947, 68.7172, -0, -0, -0, -0, -0, -0, -0, -0 
-0, -0, -0, -0, -0, -0, -0, -0, -0, 4.24, 111.176, 69.4079, -0, -0, -0, -0, -0, -0, -0, -0 
-0, -0, -0, -0, -0, -0, -0, -0, -0, 4.25, 112.418, 70.1054, -0, -0, -0, -0, -0, -0, -0, -0 
-0, -0, -0, -0, -0, -0, -0, -0, -0, 4.26, 113.674, 70.81, -0, -0, -0, -0, -0, -0, -0, -0 
-0, -0, -0, -0, -0, -0, -0, -0, -0, 4.27, 114.944, 71.5216, -0, -0, -0, -0, -0, -0, -0, -0 
-0, -0, -0, -0, -0, -0, -0, -0, -0, 4.28, 116.228, 72.2404, -0, -0, -0, -0, -0, -0, -0, -0 
-0, -0, -0, -0, -0, -0, -0, -0, -0, 4.29, 117.527, 72.9665, -0, -0, -0, -0, -0, -0, -0, -0 
-0, -0, -0, -0, -0, -0, -0, -0, -0, 4.3, 118.84, 73.6998, -0, -0, -0, -0, -0, -0, -0, -0 
-0, -0, -0, -0, -0, -0, -0, -0, -0, 4.31, 120.168, 74.4405, -0, -0, -0, -0, -0, -0, -0, -0 
-0, -0, -0, -0, -0, -0, -0, -0, -0, 4.32, 121.51, 75.1886, -0, -0, -0, -0, -0, -0, -0, -0 
-0, -0, -0, -0, -0, -0, -0, -0, -0, 4.33, 122.868, 75.9443, -0, -0, -0, -0, -0, -0, -0, -0 
-0, -0, -0, -0, -0, -0, -0, -0, -0, 4.34, 124.241, 76.7075, -0, -0, -0, -0, -0, -0, -0, -0 
-0, -0, -0, -0, -0, -0, -0, -0, -0, 4.35, 125.629, 77.4785, -0, -0, -0, -0, -0, -0, -0, -0 
-0, -0, -0, -0, -0, -0, -0, -0, -0, 4.36, 127.033, 78.2571, -0, -0, -0, -0, -0, -0, -0, -0 
-0, -0, -0, -0, -0, -0, -0, -0, -0, 4.37, 128.452, 79.0436, -0, -0, -0, -0, -0, -0, -0, -0 
-0, -0, -0, -0, -0, -0, -0, -0, -0, 4.38, 129.887, 79.838, -0, -0, -0, -0, -0, -0, -0, -0 
-0, -0, -0, -0, -0, -0, -0, -0, -0, 4.39, 131.338, 80.6404, -0, -0, -0, -0, -0, -0, -0, -0 
-0, -0, -0, -0, -0, -0, -0, -0, -0, 4.4, 132.806, 81.4509, -0, -0, -0, -0, -0, -0, -0, -0 
-0, -0, -0, -0, -0, -0, -0, -0, -0, 4.41, 134.29, 82.2695, -0, -0, -0, -0, -0, -0, -0, -0 
-0, -0, -0, -0, -0, -0, -0, -0, -0, 4.42, 135.79, 83.0963, -0, -0, -0, -0, -0, -0, -0, -0 
-0, -0, -0, -0, -0, -0, -0, -0, -0, 4.43, 137.307, 83.9314, -0, -0, -0, -0, -0, -0, -0, -0 
-0, -0, -0, -0, -0, -0, -0, -0, -0, 4.44, 138.842, 84.7749, -0, -0, -0, -0, -0, -0, -0, -0 
-0, -0, -0, -0, -0, -0, -0, -0, -0, 4.45, 140.393, 85.6269, -0, -0, -0, -0, -0, -0, -0, -0 
-0, -0, -0, -0, -0, -0, -0, -0, -0, 4.46, 141.961, 86.4875, -0, -0, -0, -0, -0, -0, -0, -0 
-0, -0, -0, -0, -0, -0, -0, -0, -0, 4.47, 143.548, 87.3567, -0, -0, -0, -0, -0, -0, -0, -0 
-0, -0, -0, -0, -0, -0, -0, -0, -0, 4.48, 145.151, 88.2347, -0, -0, -0, -0, -0, -0, -0, -0 
-0, -0, -0, -0, -0, -0, -0, -0, -0, 4.49, 146.773, 89.1214, -0, -0, -0, -0, -0, -0, -0, -0 
-0, -0, -0, -0, -0, -0, -0, -0, -0, 4.5, 1.78704e-320, 90.0171, -0, -0, -0, -0, -0, -0, -0, -0 
-0, -0, -0, -0, -0, -0, -0, -0, -0, 4.51, -0, 90.9218, -0, -0, -0, -0, -0, -0, -0, -0 
-0, -0, -0, -0, -0, -0, -0, -0, -0, 4.52, -0, 91.8356, -0, -0, -0, -0, -0, -0, -0, -0 
-0, -0, -0, -0, -0, -0, -0, -0, -0, 4.53, -0, 92.7586, -0, -0, -0, -0, -0, -0, -0, -0 
-0, -0, -0, -0, -0, -0, -0, -0, -0, 4.54, -0, 93.6908, -0, -0, -0, -0, -0, -0, -0, -0 
-0, -0, -0, -0, -0, -0, -0, -0, -0, 4.55, -0, 94.6324, -0, -0, -0, -0, -0, -0, -0, -0 
-0, -0, -0, -0, -0, -0, -0, -0, -0, 4.56, -0, 95.5835, -0, -0, -0, -0, -0, -0, -0, -0 
-0, -0, -0, -0, -0, -0, -0, -0, -0, 4.57, -0, 96.5441, -0, -0, -0, -0, -0, -0, -0, -0 
-0, -0, -0, -0, -0, -0, -0, -0, -0, 4.58, -0, 97.5144, -0, -0, -0, -0, -0, -0, -0, -0 
-0, -0, -0, -0, -0, -0, -0, -0, -0, 4.59, -0, 98.4944, -0, -0, -0, -0, -0, -0, -0, -0 
-0, -0, -0, -0, -0, -0, -0, -0, -0, 4.6, -0, 99.4843, -0, -0, -0, -0, -0, -0, -0, -0 
-0, -0, -0, -0, -0, -0, -0, -0, -0, 4.61, -0, 100.484, -0, -0, -0, -0, -0, -0, -0, -0 
-0, -0, -0, -0, -0, -0, -0, -0, -0, 4.62, -0, 101.494, -0, -0, -0, -0, -0, -0, -0, -0 
-0, -0, -0, -0, -0, -0, -0, -0, -0, 4.63, -0, 102.514, -0, -0, -0, -0, -0, -0, -0, -0 
-0, -0, -0, -0, -0, -0, -0, -0, -0, 4.64, -0, 103.544, -0, -0, -0, -0, -0, -0, -0, -0 
-0, -0, -0, -0, -0, -0, -0, -0, -0, 4.65, -0, 104.585, -0, -0, -0, -0, -0, -0, -0, -0 
-0, -0, -0, -0, -0, -0, -0, -0, -0, 4.66, -0, 105.636, -0, -0, -0, -0, -0, -0, -0, -0 
-0, -0, -0, -0, -0, -0, -0, -0, -0, 4.67, -0, 106.698, -0, -0, -0, -0, -0, -0, -0, -0 
-0, -0, -0, -0, -0, -0, -0, -0, -0, 4.68, -0, 107.77, -0, -0, -0, -0, -0, -0, -0, -0 
-0, -0, -0, -0, -0, -0, -0, -0, -0, 4.69, -0, 108.853, -0, -0, -0, -0, -0, -0, -0, -0 
-0, -0, -0, -0, -0, -0, -0, -0, -0, 4.7, -0, 109.947, -0, -0, -0, -0, -0, -0, -0, -0 
-0, -0, -0, -0, -0, -0, -0, -0, -0, 4.71, -0, 111.052, -0, -0, -0, -0, -0, -0, -0, -0 
-0, -0, -0, -0, -0, -0, -0, -0, -0, 4.72, -0, 112.168, -0, -0, -0, -0, -0, -0, -0, -0 
-0, -0, -0, -0, -0, -0, -0, -0, -0, 4.73, -0, 113.296, -0, -0, -0, -0, -0, -0, -0, -0 
-0, -0, -0, -0, -0, -0, -0, -0, -0, 4.74, -0, 114.434, -0, -0, -0, -0, -0, -0, -0, -0 
-0, -0, -0, -0, -0, -0, -0, -0, -0, 4.75, -0, 115.584, -0, -0, -0, -0, -0, -0, -0, -0 
-0, -0, -0, -0, -0, -0, -0, -0, -0, 4.76, -0, 116.746, -0, -0, -0, -0, -0, -0, -0, -0 
-0, -0, -0, -0, -0, -0, -0, -0, -0, 4.77, -0, 117.919, -0, -0, -0, -0, -0, -0, -0, -0 
-0, -0, -0, -0, -0, -0, -0, -0, -0, 4.78, -0, 119.104, -0, -0, -0, -0, -0, -0, -0, -0 
-0, -0, -0, -0, -0, -0, -0, -0, -0, 4.79, -0, 120.301, -0, -0, -0, -0, -0, -0, -0, -0 
-0, -0, -0, -0, -0, -0, -0, -0, -0, 4.8, -0, 121.51, -0, -0, -0, -0, -0, -0, -0, -0 
-0, -0, -0, -0, -0, -0, -0, -0, -0, 4.81, -0, 122.732, -0, -0, -0, -0, -0, -0, -0, -0 
-0, -0, -0, -0, -0, -0, -0, -0, -0, 4.82, -0, 123.965, -0, -0, -0, -0, -0, -0, -0, -0 
-0, -0, -0, -0, -0, -0, -0, -0, -0, 4.83, -0, 125.211, -0, -0, -0, -0, -0, -0, -0, -0 
-0, -0, -0, -0, -0, -0, -0, -0, -0, 4.84, -0, 126.469, -0, -0, -0, -0, -0, -0, -0, -0 
-0, -0, -0, -0, -0, -0, -0, -0, -0, 4.85, -0, 127.74, -0, -0, -0, -0, -0, -0, -0, -0 
-0, -0, -0, -0, -0, -0, -0, -0, -0, 4.86, -0, 129.024, -0, -0, -0, -0, -0, -0, -0, -0 
-0, -0, -0, -0, -0, -0, -0, -0, -0, 4.87, -0, 130.321, -0, -0, -0, -0, -0, -0, -0, -0 
-0, -0, -0, -0, -0, -0, -0, -0, -0, 4.88, -0, 131.631, -0, -0, -0, -0, -0, -0, -0, -0 
-0, -0, -0, -0, -0, -0, -0, -0, -0, 4.89, -0, 132.954, -0, -0, -0, -0, -0, -0, -0, -0 
-0, -0, -0, -0, -0, -0, -0, -0, -0, 4.9, -0, 134.29, -0, -0, -0, -0, -0, -0, -0, -0 
-0, -0, -0, -0, -0, -0, -0, -0, -0, 4.91, -0, 135.639, -0, -0, -0, -0, -0, -0, -0, -0 
-0, -0, -0, -0, -0, -0, -0, -0, -0, 4.92, -0, 137.003, -0, -0, -0, -0, -0, -0, -0, -0 
-0, -0, -0, -0, -0, -0, -0, -0, -0, 4.93, -0, 138.38, -0, -0, -0, -0, -0, -0, -0, -0 
-0, -0, -0, -0, -0, -0, -0, -0, -0, 4.94, -0, 139.77, -0, -0, -0, -0, -0, -0, -0, -0 
-0, -0, -0, -0, -0, -0, -0, -0, -0, 4.95, -0, 141.175, -0, -0, -0, -0, -0, -0, -0, -0 
-0, -0, -0, -0, -0, -0, -0, -0, -0, 4.96, -0, 142.594, -0, -0, -0, -0, -0, -0, -0, -0 
-0, -0, -0, -0, -0, -0, -0, -0, -0, 4.97, -0, 144.027, -0, -0, -0, -0, -0, -0, -0, -0 
-0, -0, -0, -0, -0, -0, -0, -0, -0, 4.98, -0, 145.474, -0, -0, -0, -0, -0, -0, -0, -0 
-0, -0, -0, -0, -0, -0, -0, -0, -0, 4.99, -0, 146.936, -0, -0, -0, -0, -0, -0, -0, -0 
